from graph import *
rectangle(50,50,100,100)
polygon([(50,50),(100,50),(125,35),(75,35)])
polygon([(100,100),(100,50),(125,35),(125,85)])
polygon([(70,140),(10,170),(70,200),(130,170)])
polygon([(10,170),(70,200),(70,260),(10,230)])
polygon([(130,170),(70,200),(70,260),(130,230)])
polygon([(30,300),(50,300),(50,350),(100,350),(100,300),(120,300),(120,420),(100,420),(100,370),(50,370),(50,420),(30,420)])
line(50,420,60,410)
line(60,410,60,370)
polygon([(50,350,),(60,340),(60,290),(50,300),(50,350)])
polygon([(50,300),(60,290),(40,290),(30,300)])
line(60,340,100,340)
polygon([(100,300),(120,300),(130,290),(110,290)])
line(130,290,130,410)
line(130,410,120,420)
run()

